chr	start	end	normal	tumor	ratio
1	205353415	205353492	238	117	0.49160
1	68962358	68962454	32	21	0.65625
1	209880053	209880165	1150	607	0.52783
1	26608772	26609060	532	247	0.46429
1	71528973	71530820	135	138	1.02222
1	109143187	109143308	587	283	0.48211
1	15820386	15820496	93	50	0.53763
1	9627341	9627419	538	305	0.56691
1	2123333	2124414	212	124	0.58491
1	173502747	173502936	577	523	0.90641
1	10753930	10753969	173	122	0.70520
1	151734851	151734976	776	535	0.68943
1	153519808	153520322	1190	595	0.50000
1	247019031	247019129	351	232	0.66097
1	228335106	228335245	395	191	0.48354
1	19612381	19612486	308	163	0.52922
1	204167287	204167624	567	278	0.49030
1	63010617	63010710	290	236	0.81379
1	24200459	24202152	4997	2445	0.48929
1	1120348	1120489	140	65	0.46429
1	205275315	205275435	809	388	0.47960
1	33778101	33778191	226	94	0.41593
1	3563229	3563346	464	257	0.55388
1	211449598	211449760	1880	962	0.51170
1	149882121	149882255	149	78	0.52349
1	100818022	100818559	208	129	0.62019
1	206626545	206626726	529	202	0.38185
1	32158692	32158755	94	48	0.51064
1	181680089	181680205	956	505	0.52824
1	35921613	35921842	1925	879	0.45662
1	23286434	23286592	740	360	0.48649
1	154226375	154226565	650	396	0.60923
1	70616810	70616888	113	85	0.75221
1	109825301	109825358	195	116	0.59487
1	12382592	12382803	693	396	0.57143
1	17953824	17953998	281	177	0.62989
1	22332154	22332289	494	242	0.48988
1	165386277	165386457	747	383	0.51272
1	52489162	52489246	517	223	0.43133
1	16460962	16461062	214	80	0.37383
1	237863528	237863767	903	629	0.69657
1	238048690	238048880	765	330	0.43137
1	146057274	146057484	4835	2403	0.49700
1	200977896	200978079	697	341	0.48924
1	246754813	246755243	1322	647	0.48941
1	204411653	204411761	29	10	0.34483
1	156882038	156882167	384	214	0.55729
1	167343344	167343533	393	227	0.57761
1	160106359	160106505	503	283	0.56262
1	983391	983745	73	20	0.27397
1	17034039	17034222	90	72	0.80000
1	113238037	113238196	456	239	0.52412
1	7861172	7861251	378	301	0.79630
1	27994736	27994886	61	23	0.37705
1	179054762	179055028	885	397	0.44859
1	202397982	202398057	136	68	0.50000
1	146757000	146757164	1822	1064	0.58397
1	203192622	203192788	751	378	0.50333
1	109538201	109538459	2665	1462	0.54859
1	155254955	155255102	476	265	0.55672
1	38453244	38453350	1140	575	0.50439
1	224437913	224438020	105	104	0.99048
1	47505013	47505204	556	322	0.57914
1	203702350	203702528	692	336	0.48555
1	183914565	183914698	935	463	0.49519
1	153957196	153957257	168	97	0.57738
1	120491036	120491189	759	321	0.42292
1	92442599	92442950	1387	758	0.54650
1	198201682	198201767	389	237	0.60925
1	179590169	179590226	353	228	0.64589
1	110709464	110709837	486	215	0.44239
1	54681813	54682017	644	313	0.48602
1	44075053	44075169	463	225	0.48596
1	197515051	197515120	95	95	1.00000
1	115322730	115322836	1458	726	0.49794
1	224585798	224585928	466	272	0.58369
1	33778407	33778491	69	17	0.24638
1	110282050	110282115	1634	743	0.45471
1	15692322	15692429	1016	470	0.46260
1	43047030	43047185	799	394	0.49312
1	186327674	186327782	569	311	0.54657
1	228558723	228560782	2602	1531	0.58839
1	75614271	75614367	246	132	0.53659
1	159856300	159856479	1831	934	0.51010
1	207288760	207288860	454	284	0.62555
1	61848908	61849037	1176	551	0.46854
1	68613818	68613882	431	274	0.63573
1	226036597	226036713	44	14	0.31818
1	16782312	16782388	240	118	0.49167
1	39824368	39824545	750	305	0.40667
1	11333254	11334117	1319	654	0.49583
1	181759580	181759692	1576	787	0.49937
1	46775568	46775716	66	41	0.62121
1	1631377	1631511	39	27	0.69231
1	53559132	53559232	77	26	0.33766
1	99767279	99767453	742	389	0.52426
1	154143124	154143187	623	437	0.70144
1	62516637	62516730	362	181	0.50000
1	11291356	11291491	1934	835	0.43175
1	91843959	91844037	408	299	0.73284
2	238617186	238617273	44	24	0.54545
2	121995377	121995426	118	77	0.65254
2	197577400	197577518	449	265	0.59020
2	97009842	97009967	553	234	0.42315
2	55543063	55543250	1145	606	0.52926
2	189870075	189870183	385	207	0.53766
2	74881354	74881648	64	16	0.25000
2	171508137	171508244	1049	433	0.41277
2	100009429	100009561	459	277	0.60349
2	102842357	102842501	406	193	0.47537
2	55870453	55870560	348	280	0.80460
2	100046301	100046410	254	165	0.64961
2	189927590	189927644	370	296	0.80000
2	95534429	95536442	60	38	0.63333
2	86947413	86947932	62	14	0.22581
2	86676929	86677085	1182	660	0.55838
2	21239310	21239521	613	329	0.53670
2	220366197	220366301	745	368	0.49396
2	163208847	163208917	390	271	0.69487
2	178364345	178364458	316	202	0.63924
2	27672557	27672667	1000	445	0.44500
2	97810254	97810283	935	589	0.62995
2	166909361	166909453	481	220	0.45738
2	105713509	105713856	410	294	0.71707
2	20490412	20490551	545	236	0.43303
2	71185175	71185274	128	59	0.46094
2	233199340	233199445	62	43	0.69355
2	207406775	207406858	646	350	0.54180
2	230668286	230668405	486	321	0.66049
2	153415253	153415337	542	280	0.51661
2	114392627	114392707	418	205	0.49043
2	20182223	20182295	221	176	0.79638
2	152406149	152406254	451	178	0.39468
2	179418228	179418534	4284	2130	0.49720
2	8861263	8865797	55	21	0.38182
2	153417396	153417549	462	222	0.48052
2	233394648	233394849	712	374	0.52528
2	234350532	234350641	375	225	0.60000
2	38795340	38795439	349	147	0.42120
2	242202125	242202341	865	452	0.52254
2	96697008	96697082	471	251	0.53291
2	202539929	202539994	262	124	0.47328
2	61546307	61546462	583	371	0.63636
2	84852025	84852187	840	417	0.49643
2	42588229	42588988	140	67	0.47857
2	171240219	171240324	589	337	0.57216
2	86354283	86354428	969	545	0.56244
2	44052027	44052157	361	227	0.62881
2	43787372	43787524	774	486	0.62791
2	191843581	191843727	281	113	0.40214
2	36691676	36691798	819	494	0.60317
2	241708549	241708625	265	105	0.39623
2	27427328	27427458	409	179	0.43765
2	183129027	183129141	393	240	0.61069
2	28840593	28840654	514	208	0.40467
2	61300592	61300686	191	112	0.58639
2	103053671	103053822	563	281	0.49911
2	237349682	237349767	141	78	0.55319
2	238736075	238736146	213	135	0.63380
2	55914779	55914840	257	216	0.84047
2	186618448	186618569	283	201	0.71025
2	178528593	178528677	480	232	0.48333
2	210681632	210681849	298	137	0.45973
2	111320188	111320334	3885	2184	0.56216
2	36810495	36810612	1406	683	0.48578
2	108479404	108479488	1313	939	0.71516
2	231157360	231157503	907	431	0.47519
2	152425781	152425886	1640	838	0.51098
2	39095323	39095553	946	507	0.53594
2	219252287	219252355	1114	589	0.52873
2	27292440	27292574	1088	599	0.55055
2	87204702	87204882	2498	1908	0.76381
2	128461807	128464126	1315	739	0.56198
2	71357443	71357884	83	60	0.72289
2	127952910	127953077	384	187	0.48698
2	220092643	220092775	1256	590	0.46975
2	74649246	74649502	500	246	0.49200
2	238628165	238628210	232	130	0.56034
2	27463132	27463229	545	316	0.57982
2	211454829	211454958	1441	722	0.50104
2	25180678	25180843	696	451	0.64799
2	27663993	27664047	1177	536	0.45540
2	61192557	61192619	1031	563	0.54607
2	169658890	169659183	207	110	0.53140
2	99152591	99152671	588	324	0.55102
2	198262708	198262840	258	316	1.22481
2	61753554	61753656	163	126	0.77301
2	178095030	178096736	7637	3932	0.51486
2	87080119	87080209	254	106	0.41732
2	179650346	179650469	942	429	0.45541
2	49244627	49244702	264	130	0.49242
2	220100731	220100817	402	176	0.43781
2	31484414	31484579	714	354	0.49580
2	160742930	160743041	283	235	0.83039
2	238434243	238434448	351	178	0.50712
2	238742639	238742785	221	224	1.01357
2	109335936	109336134	135	64	0.47407
2	32707496	32707650	2272	1208	0.53169
2	234343414	234343547	975	466	0.47795
2	233415515	233415928	184	85	0.46196
3	49449638	49450073	476	134	0.28151
3	57136506	57136617	461	141	0.30586
3	121134703	121134815	581	219	0.37694
3	196098766	196098913	854	383	0.44848
3	186437893	186438004	389	158	0.40617
3	13429802	13429953	458	142	0.31004
3	49877204	49877293	526	174	0.33080
3	148759276	148759455	983	600	0.61038
3	48691721	48691885	246	92	0.37398
3	47676679	47676834	592	244	0.41216
3	169889160	169889238	388	274	0.70619
3	126733553	126733674	152	26	0.17105
3	57494108	57494267	480	216	0.45000
3	57528427	57528630	657	234	0.35616
3	129155285	129156151	6328	3276	0.51770
3	48420889	48421048	1533	428	0.27919
3	128198264	128200161	868	415	0.47811
3	58121705	58121895	432	110	0.25463
3	197259282	197259393	627	289	0.46093
3	57649362	57649443	247	138	0.55870
3	112256581	112256737	329	178	0.54103
3	182775098	182775210	120	71	0.59167
3	49832628	49832812	20	1	0.05000
3	118948693	118949204	1757	528	0.30051
3	126255113	126255196	358	92	0.25698
3	130714886	130714955	303	336	1.10891
3	178922290	178922376	474	399	0.84177
3	53215459	53215622	599	204	0.34057
3	120043575	120050255	1949	654	0.33556
3	93603571	93603740	427	239	0.55972
3	12611569	12611751	432	138	0.31944
3	186440225	186440310	175	94	0.53714
3	183995712	183995837	571	295	0.51664
3	113442268	113442388	765	262	0.34248
3	57335762	57335967	869	279	0.32106
3	10290176	10290751	32	23	0.71875
3	38950487	38950685	1420	419	0.29507
3	186459310	186459388	503	275	0.54672
3	180705965	180706017	317	191	0.60252
3	50098572	50098654	435	158	0.36322
3	30875344	30875426	233	79	0.33906
3	51197985	51198133	559	177	0.31664
3	142279104	142279296	992	651	0.65625
3	53886897	53887024	783	237	0.30268
3	155652704	155652835	2665	1548	0.58086
3	52712515	52712613	362	100	0.27624
3	53808613	53808705	581	179	0.30809
3	108818204	108818313	389	140	0.35990
3	16215828	16217197	1261	368	0.29183
3	159974773	159976423	893	545	0.61030
3	124418715	124418880	1032	582	0.56395
3	49459765	49462307	938	237	0.25267
3	12849708	12849832	75	14	0.18667
3	1371468	1371619	538	198	0.36803
3	52842125	52842237	1008	301	0.29861
3	57312404	57312948	2514	729	0.28998
3	112641531	112642646	725	252	0.34759
3	51466712	51466922	1263	478	0.37846
3	133167624	133167739	34	28	0.82353
3	96533424	96533852	626	272	0.43450
3	65415194	65415815	2504	929	0.37101
3	56468378	56469175	6903	2164	0.31349
3	158970515	158970596	199	147	0.73869
3	131415385	131415460	707	341	0.48232
3	130400334	130400435	515	344	0.66796
3	49850494	49850601	276	94	0.34058
3	48481647	48481722	93	34	0.36559
3	382476	382599	276	143	0.51812
3	121631867	121631967	2024	639	0.31571
3	193080355	193080426	914	383	0.41904
3	14537924	14538068	199	66	0.33166
3	49169923	49170096	338	120	0.35503
3	47035944	47036043	49	12	0.24490
3	111845833	111845880	263	93	0.35361
3	115805170	115805403	783	214	0.27331
3	124141658	124141825	589	263	0.44652
3	100527004	100527079	512	241	0.47070
3	133485121	133485277	1646	810	0.49210
3	193771553	193773374	29	7	0.24138
3	142031977	142032016	527	296	0.56167
3	49094294	49095323	2583	817	0.31630
3	52264885	52265011	74	33	0.44595
3	43647205	43647355	870	324	0.37241
3	10145818	10146466	1850	545	0.29459
3	53757460	53757686	1815	620	0.34160
3	38416634	38416750	251	67	0.26693
3	158310222	158310370	568	345	0.60739
3	10081404	10081529	676	277	0.40976
3	58517419	58517539	239	67	0.28033
3	100082302	100084561	1976	681	0.34464
3	51671097	51671519	1420	490	0.34507
3	132198070	132198133	427	259	0.60656
3	47449834	47449980	601	206	0.34276
3	183660514	183660704	647	340	0.52550
3	12785398	12785488	203	64	0.31527
3	129305430	129305562	53	21	0.39623
3	19940923	19941007	1024	310	0.30273
3	197592982	197593090	430	271	0.63023
3	112255321	112255449	347	161	0.46398
3	111985084	111985187	260	161	0.61923
4	169294816	169294959	2544	1144	0.44969
4	164534465	164534545	428	224	0.52336
4	94031898	94032104	1454	765	0.52613
4	20490441	20490617	1166	644	0.55232
4	186611715	186611765	304	177	0.58224
4	169099040	169099134	659	297	0.45068
4	183657960	183658228	2922	1554	0.53183
4	159533281	159533353	296	350	1.18243
4	76891461	76891531	387	216	0.55814
4	648612	648677	394	164	0.41624
4	3237875	3237981	577	281	0.48700
4	144354643	144354869	932	406	0.43562
4	169336807	169336950	288	233	0.80903
4	53773623	53773758	1007	470	0.46673
4	177098621	177098805	701	486	0.69330
4	41614725	41615115	1086	585	0.53867
4	159631913	159632000	363	381	1.04959
4	119174653	119174756	388	281	0.72423
4	74477447	74477546	618	329	0.53236
4	146064516	146064597	217	102	0.47005
4	103822084	103822489	3916	1970	0.50306
4	178361426	178361580	1251	683	0.54596
4	89422065	89422136	496	339	0.68347
4	184584999	184585224	905	541	0.59779
4	167663147	167663210	466	259	0.55579
4	175180849	175180976	784	484	0.61735
4	147795867	147796080	1753	981	0.55961
4	144796467	144796662	82	76	0.92683
4	40946881	40947090	812	392	0.48276
4	100129824	100130085	4510	2455	0.54435
4	20487822	20487894	172	180	1.04651
4	128665826	128665954	375	318	0.84800
4	76922494	76924852	871	577	0.66246
4	10573364	10573402	241	158	0.65560
4	38029408	38029500	464	233	0.50216
4	154513626	154513736	388	207	0.53351
4	115773880	115773977	237	136	0.57384
4	3475132	3475363	339	183	0.53982
4	15504051	15504140	484	278	0.57438
4	79340102	79340217	1262	685	0.54279
4	77677601	77678090	2199	1057	0.48067
4	57872981	57873168	739	417	0.56428
4	8295813	8295928	288	164	0.56944
4	48553510	48553595	396	202	0.51010
4	55968528	55968675	953	437	0.45855
4	48027084	48027351	1583	818	0.51674
4	52948552	52948726	888	453	0.51014
4	2237954	2238183	781	485	0.62100
4	101344468	101344561	472	245	0.51907
4	166963178	166963295	475	350	0.73684
4	83900035	83900159	581	363	0.62478
4	57344544	57344669	586	337	0.57509
4	168155135	168155324	362	175	0.48343
4	39114639	39114852	631	367	0.58162
4	4204174	4204305	624	274	0.43910
4	85626546	85626664	1064	599	0.56297
4	71468688	71468727	151	149	0.98675
4	77675463	77676345	2834	1448	0.51094
4	83745707	83745827	356	283	0.79494
4	151765809	151765931	204	184	0.90196
4	76871058	76871950	492	284	0.57724
4	184365743	184366222	237	204	0.86076
4	177049888	177050011	298	249	0.83557
4	62542543	62542653	2190	1196	0.54612
4	95200073	95200201	389	238	0.61183
4	154533403	154533552	590	306	0.51864
4	2941253	2941372	562	294	0.52313
4	17506001	17506098	428	189	0.44159
4	129028293	129028468	707	357	0.50495
4	42122070	42122311	2283	1187	0.51993
4	88901197	88901278	552	295	0.53442
4	25366075	25366127	121	126	1.04132
4	146686130	146686317	771	383	0.49676
4	5687096	5687206	470	218	0.46383
4	39978059	39978237	1596	835	0.52318
4	70921214	70921319	305	158	0.51803
4	55144062	55144173	428	155	0.36215
4	146065462	146065586	1991	1085	0.54495
4	68488548	68488643	548	306	0.55839
4	57840023	57840188	1003	504	0.50249
4	15716907	15716984	308	178	0.57792
4	109782082	109782127	166	116	0.69880
4	5720974	5721100	834	429	0.51439
4	152638027	152638226	1341	657	0.48993
4	122734388	122734535	979	540	0.55158
4	37590467	37590521	411	207	0.50365
4	155488744	155488972	1498	844	0.56342
4	40108519	40108644	389	262	0.67352
4	7655860	7655934	295	133	0.45085
4	3021367	3021558	1303	549	0.42134
4	94547419	94547586	984	526	0.53455
4	25146625	25146755	663	362	0.54600
4	42457541	42457616	470	271	0.57660
4	104068512	104068803	1333	666	0.49962
4	91389384	91389505	476	328	0.68908
4	88761078	88761206	76	33	0.43421
4	43022370	43022436	326	206	0.63190
4	6576900	6577075	26	13	0.50000
4	104041304	104041490	593	348	0.58685
4	151518234	151518267	208	234	1.12500
5	65457936	65458101	1051	717	0.68221
5	110814078	110814205	337	482	1.43027
5	76351338	76351421	158	191	1.20886
5	111506641	111506689	268	191	0.71269
5	134032815	134032936	671	643	0.95827
5	40955488	40955655	2664	1726	0.64790
5	138755741	138755914	1078	799	0.74119
5	149749091	149749165	132	122	0.92424
5	176378474	176378578	974	1109	1.13860
5	78940945	78941015	147	189	1.28571
5	14687629	14687755	1081	794	0.73451
5	147902755	147902909	540	426	0.78889
5	180751053	180753553	661	345	0.52194
5	7804697	7804805	353	248	0.70255
5	149199995	149200169	543	500	0.92081
5	137520495	137520635	1111	682	0.61386
5	55247291	55247432	1165	685	0.58798
5	176618884	176619020	508	316	0.62205
5	78320093	78320153	456	328	0.71930
5	156908798	156908951	57	49	0.85965
5	38506604	38506734	394	315	0.79949
5	80548513	80548712	596	377	0.63255
5	154190806	154190916	493	341	0.69168
5	167489064	167489270	1250	970	0.77600
5	65324101	65324171	148	140	0.94595
5	137216504	137216554	155	155	1.00000
5	137424615	137424758	603	390	0.64677
5	37157771	37157916	381	358	0.93963
5	149265827	149265937	299	197	0.65886
5	80168934	80169106	950	598	0.62947
5	80655721	80655857	569	462	0.81195
5	70786810	70786958	754	498	0.66048
5	179315102	179315312	1046	719	0.68738
5	93410350	93410474	496	431	0.86895
5	154200819	154200986	442	282	0.63801
5	15927998	15928610	1506	1106	0.73440
5	35695836	35695898	136	135	0.99265
5	141029925	141029971	393	235	0.59796
5	147480917	147480999	520	425	0.81731
5	36124292	36124367	63	128	2.03175
5	52356730	52356876	844	522	0.61848
5	50120741	50120809	441	422	0.95692
5	150503846	150503928	287	200	0.69686
5	10415599	10415781	654	387	0.59174
5	40843253	40843811	1638	1313	0.80159
5	170610325	170610434	294	246	0.83673
5	85578261	85578761	4290	2727	0.63566
5	11412146	11412181	296	264	0.89189
5	179227906	179227953	160	116	0.72500
5	134056687	134056780	358	280	0.78212
5	68682006	68682132	539	565	1.04824
5	110461305	110461493	634	420	0.66246
5	140011312	140012565	2305	1577	0.68416
5	31515560	31515671	421	318	0.75534
5	131821358	131821408	505	294	0.58218
5	96076448	96076487	410	281	0.68537
5	168096787	168096996	378	260	0.68783
5	102201526	102201988	348	260	0.74713
5	94839517	94839642	861	625	0.72590
5	64520146	64520227	777	507	0.65251
5	134686512	134686603	301	211	0.70100
5	89943314	89943581	4536	3218	0.70944
5	93808996	93809224	2087	1449	0.69430
5	149500450	149500573	320	207	0.64687
5	137222552	137222686	260	286	1.10000
5	112200153	112200225	494	335	0.67814
5	79735945	79736093	49	121	2.46939
5	162896646	162896835	622	437	0.70257
5	140048475	140048575	394	270	0.68528
5	142657495	142661606	1048	858	0.81870
5	126746080	126746293	305	204	0.66885
5	35875613	35875689	288	224	0.77778
5	139936731	139936917	306	251	0.82026
5	131554237	131554337	403	252	0.62531
5	176333011	176333048	267	217	0.81273
5	74134789	74134875	971	745	0.76725
5	96078358	96078460	232	177	0.76293
5	55204092	55204239	819	499	0.60928
5	179757699	179757834	574	455	0.79268
5	142673442	142675155	717	599	0.83543
5	13844945	13845102	1018	713	0.70039
5	43173419	43173550	359	293	0.81616
5	38932564	38932637	286	205	0.71678
5	147929699	147929825	639	414	0.64789
5	140048663	140048833	490	353	0.72041
5	140566700	140568034	5314	3774	0.71020
5	61897590	61897675	164	241	1.46951
5	137528192	137528346	620	423	0.68226
5	74135898	74135998	80	136	1.70000
5	54640921	54641024	196	150	0.76531
5	140021454	140021638	562	356	0.63345
5	94859358	94859538	771	569	0.73800
5	35692671	35692826	724	737	1.01796
5	72192284	72192383	199	216	1.08543
5	154250220	154250382	1244	776	0.62379
5	86629083	86629154	186	205	1.10215
5	109200736	109200847	380	231	0.60789
5	94927104	94927329	2250	1429	0.63511
5	23980045	23980950	741	511	0.68961
5	118507472	118507664	1396	1024	0.73352
6	166779461	166779594	635	238	0.37480
6	33639805	33640005	508	219	0.43110
6	42985882	42985954	832	418	0.50240
6	36695353	36695468	52	32	0.61538
6	160953562	160953681	573	204	0.35602
6	152130241	152130406	232	91	0.39224
6	160677645	160677749	821	251	0.30572
6	10683419	10683465	125	99	0.79200
6	56497651	56497835	765	454	0.59346
6	70745795	70745831	189	149	0.78836
6	54219310	54219434	580	327	0.56379
6	52130872	52130942	388	156	0.40206
6	73933267	73933562	167	104	0.62275
6	55623802	55623913	365	196	0.53699
6	166742994	166743077	455	165	0.36264
6	155469243	155469468	786	297	0.37786
6	112375277	112375364	85	36	0.42353
6	107040038	107040175	559	176	0.31485
6	160921812	160921972	3276	1108	0.33822
6	31692363	31692404	578	350	0.60554
6	38831648	38831836	659	509	0.77238
6	31695319	31695469	974	478	0.49076
6	43221028	43221102	300	156	0.52000
6	79692602	79692834	734	460	0.62670
6	117687238	117687453	1347	429	0.31849
6	97058447	97058634	1635	440	0.26911
6	55360216	55360405	674	342	0.50742
6	112029124	112029223	420	138	0.32857
6	101846860	101847268	1108	327	0.29513
6	33380284	33380366	481	219	0.45530
6	43012964	43013140	708	383	0.54096
6	107854662	107854814	677	281	0.41507
6	101076890	101077057	553	160	0.28933
6	32809910	32810040	544	262	0.48162
6	109752359	109752548	885	392	0.44294
6	131902358	131902518	421	159	0.37767
6	117686222	117686367	384	158	0.41146
6	110536488	110536534	242	89	0.36777
6	41553168	41553255	152	75	0.49342
6	25850275	25850405	664	409	0.61596
6	110053839	110053890	215	104	0.48372
6	43114355	43114436	431	195	0.45244
6	2832565	2834246	1168	625	0.53510
6	167790033	167790192	1034	387	0.37427
6	37897734	37897775	251	238	0.94821
6	7568669	7568822	1215	738	0.60741
6	39838115	39838219	480	205	0.42708
6	43164382	43164600	1203	585	0.48628
6	73713630	73713721	489	263	0.53783
6	110112578	110112774	552	183	0.33152
6	35446051	35446101	89	56	0.62921
6	41655645	41655766	176	103	0.58523
6	30864397	30864642	772	427	0.55311
6	43269937	43270152	326	164	0.50307
6	12718930	12719079	314	274	0.87261
6	135281516	135286428	331	178	0.53776
6	16290692	16290852	1123	558	0.49688
6	29574167	29574261	757	348	0.45971
6	84317417	84317527	362	230	0.63536
6	73879468	73879577	568	298	0.52465
6	35195356	35195479	374	189	0.50535
6	31961490	31961602	875	415	0.47429
6	111688317	111689231	4994	1688	0.33801
6	17763923	17765177	6341	3035	0.47863
6	111628563	111628773	953	295	0.30955
6	74072399	74072621	392	211	0.53827
6	90636246	90642609	2736	833	0.30446
6	100898138	100898232	914	301	0.32932
6	65612005	65612113	153	190	1.24183
6	36103795	36103825	237	104	0.43882
6	34505578	34506229	666	392	0.58859
6	43422148	43422212	30	20	0.66667
6	42930499	42930616	1205	589	0.48880
6	38850685	38850828	984	773	0.78557
6	90323510	90323609	642	251	0.39097
6	90357974	90358048	978	351	0.35890
6	37138900	37139267	1007	568	0.56405
6	112499322	112499434	364	113	0.31044
6	74228420	74228571	866	396	0.45727
6	42618021	42618124	406	231	0.56897
6	33135040	33135094	176	86	0.48864
6	32410224	32410470	2258	1038	0.45970
6	20481436	20481656	1748	887	0.50744
6	143828373	143828561	1059	393	0.37110
6	142723130	142723195	349	192	0.55014
6	10959016	10959108	288	127	0.44097
6	8090418	8090514	152	146	0.96053
6	125112484	125112545	285	76	0.26667
6	18459837	18459982	960	441	0.45937
6	88140750	88140891	614	283	0.46091
6	86346960	86347074	522	284	0.54406
6	31915124	31915298	671	350	0.52161
6	53518898	53520103	7101	3312	0.46641
6	129371062	129371233	806	264	0.32754
6	31465826	31466040	28	14	0.50000
6	108067892	108068093	809	296	0.36588
6	33232558	33232677	1676	726	0.43317
6	160898160	160898320	2095	594	0.28353
6	153291653	153292549	987	400	0.40527
6	33136731	33136785	190	141	0.74211
7	150696277	150696452	617	331	0.53647
7	32695598	32695656	144	99	0.68750
7	27671954	27672064	470	302	0.64255
7	7629035	7629194	926	541	0.58423
7	102136586	102136651	626	357	0.57029
7	140048425	140048567	1068	559	0.52341
7	107002752	107002865	261	158	0.60536
7	30963064	30963223	283	147	0.51943
7	72732820	72733051	1078	422	0.39147
7	92979186	92979345	633	342	0.54028
7	97483891	97483992	636	342	0.53774
7	66313475	66313653	154	101	0.65584
7	150937197	150937333	359	180	0.50139
7	1539519	1539657	192	95	0.49479
7	100458759	100458884	553	259	0.46835
7	1026259	1026433	195	86	0.44103
7	48260877	48260906	102	103	1.00980
7	2593938	2594081	646	319	0.49381
7	2959005	2959246	518	224	0.43243
7	143039464	143039598	399	187	0.46867
7	105893462	105893597	945	496	0.52487
7	154645489	154645537	908	396	0.43612
7	1004485	1009092	2184	1271	0.58196
7	73477950	73478025	168	102	0.60714
7	94043533	94043587	210	116	0.55238
7	141896364	141896399	562	287	0.51068
7	107431492	107431680	945	353	0.37354
7	66520821	66520874	200	169	0.84500
7	127999393	128000117	195	71	0.36410
7	99500840	99500938	536	286	0.53358
7	73010171	73010299	146	76	0.52055
7	8475233	8475397	593	275	0.46374
7	30701771	30701832	201	123	0.61194
7	103828698	103828829	690	453	0.65652
7	92136307	92136440	584	375	0.64212
7	45109424	45109560	431	213	0.49420
7	93106869	93106980	327	166	0.50765
7	84666204	84666349	625	325	0.52000
7	39736283	39736458	976	441	0.45184
7	51138525	51141082	535	307	0.57383
7	4945619	4947230	1427	667	0.46741
7	23757099	23757198	84	97	1.15476
7	98930947	98931040	362	138	0.38122
7	105187356	105187530	1070	551	0.51495
7	98495363	98495489	833	412	0.49460
7	75686727	75686811	346	103	0.29769
7	129950626	129950826	1423	638	0.44835
7	104800953	104801060	527	245	0.46490
7	73638053	73638113	479	261	0.54489
7	5942291	5942375	243	257	1.05761
7	99950832	99950893	135	64	0.47407
7	99906596	99906815	3329	1784	0.53590
7	143088204	143088628	250	147	0.58800
7	102608468	102608564	383	210	0.54830
7	45725560	45725814	509	268	0.52652
7	134916730	134916790	366	189	0.51639
7	43540297	43540381	634	309	0.48738
7	98508132	98508230	449	273	0.60802
7	150648535	150648923	898	386	0.42984
7	36320723	36320834	177	93	0.52542
7	98638000	98638179	772	365	0.47280
7	32678885	32678977	110	72	0.65455
7	33075545	33075600	615	378	0.61463
7	103251141	103251254	431	242	0.56148
7	5352133	5353494	722	416	0.57618
7	74698429	74698488	2608	1489	0.57094
7	98574561	98574699	628	297	0.47293
7	47857623	47857793	640	330	0.51562
7	5566778	5567522	2698	1405	0.52076
7	123149954	123150089	1064	897	0.84305
7	100663363	100663498	133	74	0.55639
7	102047880	102047945	193	150	0.77720
7	24888687	24888795	613	291	0.47471
7	94913329	94913642	2504	1342	0.53594
7	7530208	7530277	187	84	0.44920
7	100277129	100279394	185	99	0.53514
7	154679385	154679444	1637	809	0.49420
7	142612651	142612738	375	207	0.55200
7	73510951	73511090	335	187	0.55821
7	149420824	149420980	264	149	0.56439
7	66296182	66296272	185	81	0.43784
7	73969503	73969553	299	164	0.54849
7	75185329	75185473	1141	612	0.53637
7	128455667	128455985	1252	632	0.50479
7	43686070	43687233	510	277	0.54314
7	111535667	111535774	2839	1365	0.48080
7	74150841	74151025	1374	743	0.54076
7	100284628	100284669	291	175	0.60137
7	5434070	5434226	74	39	0.52703
7	98460717	98461023	567	284	0.50088
7	74800771	74807670	458	269	0.58734
7	74310232	74310372	4962	2581	0.52015
7	90338711	90338924	290	150	0.51724
7	93063564	93063606	395	233	0.58987
7	38574530	38574611	177	150	0.84746
7	12675669	12675760	580	333	0.57414
7	77569844	77569976	1511	877	0.58041
7	156742416	156743418	883	486	0.55040
7	2262209	2262389	338	187	0.55325
7	141539137	141539279	194	120	0.61856
10	105206542	105207325	983	548	0.55748
10	94393379	94393552	754	472	0.62599
10	50950873	50951024	202	101	0.50000
10	46337100	46337135	156	160	1.02564
10	127798343	127798409	520	290	0.55769
10	11363151	11363349	582	270	0.46392
10	1125950	1126046	330	144	0.43636
10	46148431	46148507	413	258	0.62470
10	115987668	115987715	290	208	0.71724
10	286832	286910	223	181	0.81166
10	104934614	104934739	616	490	0.79545
10	45480260	45480418	562	294	0.52313
10	94234597	94234718	383	244	0.63708
10	129201318	129201408	332	225	0.67771
10	84118494	84118624	733	273	0.37244
10	73550888	73551092	260	189	0.72692
10	51384298	51384357	890	579	0.65056
10	88218745	88218822	395	241	0.61013
10	121680400	121680496	572	350	0.61189
10	99237103	99237173	483	227	0.46998
10	133107415	133107562	1202	564	0.46922
10	18807838	18807897	427	211	0.49415
10	81266125	81267807	3507	1783	0.50841
10	26414326	26414537	1307	648	0.49579
10	75290461	75290593	742	421	0.56739
10	73499400	73499529	398	210	0.52764
10	48194832	48194973	619	363	0.58643
10	64953104	64953232	474	345	0.72785
10	79628886	79628955	102	54	0.52941
10	98240105	98240216	765	337	0.44052
10	49935514	49935704	409	224	0.54768
10	77157587	77160132	663	330	0.49774
10	112058405	112058548	270	203	0.75185
10	127344262	127344765	2246	1197	0.53295
10	75553622	75553802	531	273	0.51412
10	51610392	51610451	866	610	0.70439
10	81065289	81065358	330	159	0.48182
10	70517050	70517134	438	402	0.91781
10	114061858	114061891	426	256	0.60094
10	105809166	105809229	274	139	0.50730
10	88911106	88912636	8949	5044	0.56364
10	91483720	91483860	256	244	0.95312
10	19498196	19498609	2951	1480	0.50152
10	90424145	90424248	337	267	0.79228
10	48157029	48157166	95	35	0.36842
10	96540255	96540416	1347	849	0.63029
10	124186457	124186547	267	130	0.48689
10	28966423	28966902	29	17	0.58621
10	64954045	64954135	391	236	0.60358
10	131977605	131977684	327	290	0.88685
10	19612877	19613034	1084	590	0.54428
10	102893931	102894133	92	57	0.61957
10	98816077	98816221	431	292	0.67749
10	134750464	134750559	105	30	0.28571
10	51584615	51585599	6140	3289	0.53567
10	75138668	75138781	299	135	0.45151
10	101635327	101637093	1048	484	0.46183
10	29775013	29775159	715	382	0.53427
10	16960620	16960799	384	189	0.49219
10	47658232	47658746	381	220	0.57743
10	16870803	16871039	714	378	0.52941
10	104170814	104170873	151	51	0.33775
10	95995671	95995877	742	390	0.52561
10	123673304	123673408	288	193	0.67014
10	51073366	51073427	163	77	0.47239
10	128816973	128817099	705	314	0.44539
10	64571755	64574228	2765	1502	0.54322
10	51866093	51866225	2193	1093	0.49840
10	101927104	101927163	320	207	0.64687
10	123279492	123279683	458	246	0.53712
10	6258668	6258743	900	373	0.41444
10	51879346	51879529	2522	1323	0.52458
10	17730025	17730172	1074	654	0.60894
10	102568866	102568993	659	303	0.45979
10	114204927	114205408	928	494	0.53233
10	7242375	7242446	303	129	0.42574
10	7808015	7808066	258	174	0.67442
10	100154952	100155050	770	365	0.47403
10	99150179	99150296	253	128	0.50593
10	15889862	15889942	434	250	0.57604
10	46918168	46918362	2316	1282	0.55354
10	29599038	29599117	455	270	0.59341
10	97174250	97174619	613	287	0.46819
10	20290703	20290915	607	319	0.52554
10	93605508	93605697	933	507	0.54341
10	135209216	135209281	132	57	0.43182
10	112647422	112647644	1130	636	0.56283
10	17156025	17156188	266	112	0.42105
10	23321789	23321952	634	291	0.45899
10	89717609	89717776	875	405	0.46286
10	33209172	33209313	655	435	0.66412
10	127512103	127512291	708	378	0.53390
10	74776603	74776653	141	124	0.87943
10	85967929	85968133	464	204	0.43966
10	105832967	105833003	822	375	0.45620
10	26994214	26994323	345	211	0.61159
10	95083026	95083115	654	312	0.47706
10	118666137	118666258	1267	772	0.60931
10	116211382	116211430	470	258	0.54894
10	75554298	75554397	1057	621	0.58751
13	45517576	45517809	1501	863	0.57495
13	111364969	111365324	30	4	0.13333
13	95243106	95243197	684	391	0.57164
13	100196116	100196249	903	417	0.46179
13	77844430	77844673	726	431	0.59366
13	29855840	29856002	602	361	0.59967
13	115008731	115008823	310	280	0.90323
13	32981781	32981909	689	451	0.65457
13	101289791	101289956	509	269	0.52849
13	96282242	96282367	512	241	0.47070
13	48919215	48919335	577	407	0.70537
13	76407186	76407301	1592	859	0.53957
13	21714652	21714820	153	107	0.69935
13	26138093	26138169	224	126	0.56250
13	103418237	103418930	843	409	0.48517
13	24860902	24861088	398	184	0.46231
13	36239221	36239323	628	287	0.45701
13	76141362	76141448	504	301	0.59722
13	21361619	21361737	502	276	0.54980
13	113510224	113510399	815	441	0.54110
13	21875557	21875757	551	275	0.49909
13	73335500	73335659	615	399	0.64878
13	114747193	114748833	452	221	0.48894
13	46648007	46648112	483	256	0.53002
13	51517456	51517530	345	248	0.71884
13	114005163	114005288	770	385	0.50000
13	114110133	114112423	1832	1029	0.56168
13	20579213	20579379	668	598	0.89521
13	31712917	31713037	655	446	0.68092
13	50129650	50129809	516	252	0.48837
13	31724090	31724319	1227	650	0.52975
13	78477290	78477495	1771	973	0.54941
13	78211254	78211329	322	134	0.41615
13	78191937	78191997	354	198	0.55932
13	49742748	49742887	1131	696	0.61538
13	37593478	37593534	242	218	0.90083
13	41371120	41374860	2289	1169	0.51070
13	60554928	60554993	336	225	0.66964
13	49760099	49760238	617	365	0.59157
13	45975217	45975342	493	305	0.61866
13	24852751	24852959	341	317	0.92962
13	99520484	99520631	1973	988	0.50076
13	101290183	101290276	366	152	0.41530
13	73409380	73409506	571	446	0.78109
13	51943074	51943446	1947	1031	0.52953
13	21383221	21383364	751	399	0.53129
13	64314898	64315042	162	85	0.52469
13	19442216	19442272	52	51	0.98077
13	20010365	20010446	375	202	0.53867
13	24455837	24455926	147	44	0.29932
13	57728562	57728633	1267	570	0.44988
13	52511411	52511529	386	208	0.53886
13	38154697	38154834	1566	793	0.50639
13	102029050	102029179	820	644	0.78537
13	101755522	101755690	1284	650	0.50623
13	101797110	101797247	817	598	0.73195
13	109445863	109445988	720	443	0.61528
13	50115011	50115142	493	304	0.61663
13	99533811	99533881	577	273	0.47314
13	25478063	25478196	1304	727	0.55752
13	102231637	102231778	760	408	0.53684
13	111289475	111289596	316	155	0.49051
13	78182190	78182250	259	108	0.41699
13	77655971	77656128	969	550	0.56760
13	111536044	111536140	420	217	0.51667
13	96553060	96553192	515	361	0.70097
13	20024402	20024484	537	449	0.83613
13	37399564	37399672	528	308	0.58333
13	25338300	25338471	196	83	0.42347
13	78129991	78130053	345	149	0.43188
13	99364107	99364197	428	203	0.47430
13	21974511	21974632	226	205	0.90708
13	79918803	79918929	359	256	0.71309
13	36158034	36158175	1290	841	0.65194
13	57721989	57722060	1254	561	0.44737
13	25887751	25887889	791	435	0.54994
13	99534145	99534261	1360	666	0.48971
13	109779629	109779898	306	136	0.44444
13	52325445	52325551	293	155	0.52901
13	113173288	113173357	418	241	0.57656
13	96272138	96272201	228	226	0.99123
13	57741330	57741544	86	69	0.80233
13	21086581	21086689	249	108	0.43373
13	20641378	20641530	732	349	0.47678
13	20567202	20568059	12223	6298	0.51526
13	25266566	25266765	828	403	0.48671
13	26153945	26154085	626	337	0.53834
13	24515428	24515608	1443	716	0.49619
13	111552876	111553008	1482	714	0.48178
13	111287018	111287123	183	76	0.41530
13	73632929	73633726	25	13	0.52000
13	95829960	95830047	580	261	0.45000
13	95768175	95768255	894	430	0.48098
13	92101014	92101176	997	521	0.52257
13	37012203	37012328	1334	693	0.51949
13	96579281	96579380	155	194	1.25161
13	53602875	53603175	1219	664	0.54471
13	38237552	38237866	1102	534	0.48457
13	35926293	35926460	745	503	0.67517
13	19999846	19999973	759	404	0.53228
19	17688169	17688276	28	19	0.67857
19	48484177	48484198	42	25	0.59524
19	5218797	5218809	169	69	0.40828
19	18876213	18876338	868	443	0.51037
19	10402164	10402485	728	407	0.55907
19	13320125	13320312	37	15	0.40541
19	46857004	46857246	248	114	0.45968
19	48876773	48877011	798	418	0.52381
19	1805886	1805957	271	124	0.45756
19	49842586	49842670	722	386	0.53463
19	57347385	57347472	125	55	0.44000
19	36616352	36616425	831	386	0.46450
19	42462887	42463100	167	91	0.54491
19	57670534	57670646	523	229	0.43786
19	3207195	3207249	479	262	0.54697
19	48660270	48660397	350	241	0.68857
19	38893977	38894126	22	14	0.63636
19	58115644	58115774	1537	722	0.46975
19	43991175	43991275	61	27	0.44262
19	56549390	56549561	1738	786	0.45224
19	11151973	11152236	362	204	0.56354
19	46177939	46178084	461	283	0.61388
19	4101016	4101141	83	30	0.36145
19	46519575	46519651	383	206	0.53786
19	45001335	45001429	109	41	0.37615
19	45653007	45657033	610	381	0.62459
19	3980838	3980977	39	22	0.56410
19	38987048	38987181	434	240	0.55300
19	38882585	38882754	875	420	0.48000
19	50484211	50484270	48	24	0.50000
19	39880899	39880929	102	57	0.55882
19	39106834	39106899	195	98	0.50256
19	17953124	17953419	57	30	0.52632
19	54756733	54756850	472	206	0.43644
19	7615183	7615315	353	152	0.43059
19	41220182	41220302	445	193	0.43371
19	12693663	12693724	286	244	0.85315
19	7762121	7762184	308	157	0.50974
19	59059400	59059547	1423	668	0.46943
19	38934788	38934901	228	140	0.61404
19	33417839	33417890	170	94	0.55294
19	49983554	49983733	125	73	0.58400
19	18980791	18981428	76	34	0.44737
19	45182124	45182208	464	248	0.53448
19	58921307	58921458	686	346	0.50437
19	12816053	12816212	295	146	0.49492
19	4447546	4447622	215	123	0.57209
19	51919563	51919611	786	345	0.43893
19	42791471	42791601	735	331	0.45034
19	843460	843626	40	22	0.55000
19	16548580	16548676	316	201	0.63608
19	42373768	42373823	223	125	0.56054
19	55294937	55294990	1022	530	0.51859
19	35990859	35990931	397	180	0.45340
19	325634	325704	368	155	0.42120
19	1455382	1455499	45	33	0.73333
19	46281750	46281899	369	163	0.44173
19	45494107	45494203	182	79	0.43407
19	49447613	49447764	374	154	0.41176
19	2511217	2515145	617	434	0.70340
19	40998869	40998961	359	178	0.49582
19	14827805	14827901	72	52	0.72222
19	56171881	56171985	295	164	0.55593
19	11113704	11113835	546	253	0.46337
19	33444520	33444707	1986	1024	0.51561
19	327132	327256	592	461	0.77872
19	2339822	2339965	110	48	0.43636
19	54396241	54396329	198	84	0.42424
19	37047005	37047099	501	312	0.62275
19	50957521	50957626	225	126	0.56000
19	17660252	17660336	550	255	0.46364
19	50865225	50865349	282	175	0.62057
19	12874481	12874592	415	216	0.52048
19	6380914	6381053	69	34	0.49275
19	10668647	10668736	146	100	0.68493
19	44280692	44280788	240	121	0.50417
19	39820183	39820266	153	71	0.46405
19	16797098	16797216	265	183	0.69057
19	12881745	12881886	207	108	0.52174
19	23938226	23938353	1612	977	0.60608
19	13476130	13476283	1068	594	0.55618
19	40382282	40382826	1352	719	0.53180
19	7852369	7852445	66	26	0.39394
19	45774729	45774966	935	470	0.50267
19	40736223	40739858	686	317	0.46210
19	1055095	1055350	324	153	0.47222
19	50247487	50247661	560	297	0.53036
19	54137784	54137939	1656	821	0.49577
19	5700799	5700938	547	293	0.53565
19	5137631	5137687	28	16	0.57143
19	7743235	7743286	872	413	0.47362
19	48382292	48382387	1078	497	0.46104
19	7705583	7705695	535	185	0.34579
19	5611130	5611641	4158	2334	0.56133
19	17370097	17370238	596	314	0.52685
19	10089566	10089656	73	29	0.39726
19	6381132	6381206	58	30	0.51724
19	10668444	10668571	204	115	0.56373
19	50339482	50339663	108	49	0.45370
19	1489791	1489896	44	39	0.88636
22	32586421	32587339	3118	1501	0.48140
22	19467348	19467542	270	125	0.46296
22	46669794	46669966	437	215	0.49199
22	24038800	24038875	104	71	0.68269
22	19220688	19220841	1777	852	0.47946
22	46682969	46683051	70	28	0.40000
22	45684941	45685024	300	169	0.56333
22	50439510	50439660	41	18	0.43902
22	20643723	20643785	1627	771	0.47388
22	50706248	50706378	22	18	0.81818
22	32340478	32340806	26	14	0.53846
22	30738188	30738339	924	389	0.42100
22	40804630	40804701	240	133	0.55417
22	38525460	38525569	317	142	0.44795
22	43557057	43557196	304	167	0.54934
22	38016244	38016368	569	296	0.52021
22	26883994	26884254	1592	852	0.53518
22	38696728	38696957	776	385	0.49613
22	42896584	42896698	130	77	0.59231
22	38934543	38934617	779	555	0.71245
22	32017319	32017458	420	222	0.52857
22	50750951	50751054	100	75	0.75000
22	46494373	46494438	335	219	0.65373
22	19398238	19398301	1079	706	0.65431
22	25620884	25621003	408	149	0.36520
22	39077953	39078100	65	24	0.36923
22	20862334	20862731	74	20	0.27027
22	32644729	32644789	800	431	0.53875
22	18270415	18273682	688	381	0.55378
22	19864562	19864757	175	92	0.52571
22	22328728	22328860	222	143	0.64414
22	35809867	35809979	294	111	0.37755
22	30682251	30682365	201	95	0.47264
22	26928660	26928711	842	546	0.64846
22	22345495	22346151	979	439	0.44842
22	24629841	24629972	383	149	0.38903
22	42962309	42962344	350	176	0.50286
22	40706820	40706997	397	164	0.41310
22	21661241	21661314	473	247	0.52220
22	21660357	21660512	219	101	0.46119
22	19165239	19165378	116	75	0.64655
22	31844138	31844218	432	173	0.40046
22	35741717	35741777	212	97	0.45755
22	38010196	38010281	384	173	0.45052
22	21524761	21524786	1292	600	0.46440
22	23822603	23822687	337	193	0.57270
22	38964210	38964294	251	186	0.74104
22	51043795	51043871	358	158	0.44134
22	18656559	18656609	403	151	0.37469
22	50883430	50885669	301	211	0.70100
22	50667832	50668006	120	83	0.69167
22	20127242	20127415	356	157	0.44101
22	45564048	45564127	461	339	0.73536
22	45813481	45813826	956	526	0.55021
22	50572435	50572494	114	87	0.76316
22	50512644	50512761	162	91	0.56173
22	50903247	50903346	193	90	0.46632
22	42125668	42125783	253	98	0.38735
22	37966252	37966419	723	409	0.56570
22	35660640	35661596	5176	3014	0.58230
22	17621948	17622123	185	119	0.64324
22	17528213	17528316	548	268	0.48905
22	24564414	24564489	35	14	0.40000
22	51065593	51065834	111	67	0.60360
22	43608430	43608598	28	13	0.46429
22	25291189	25291258	98	58	0.59184
22	29694722	29694885	382	234	0.61257
22	17619439	17619628	1370	666	0.48613
22	44340570	44340675	377	192	0.50928
22	32546978	32547006	298	210	0.70470
22	38993208	38993361	1445	666	0.46090
22	37464655	37464721	305	156	0.51148
22	19371142	19371228	498	289	0.58032
22	18898400	18898541	126	69	0.54762
22	50705555	50705603	109	59	0.54128
22	19484908	19484970	449	199	0.44321
22	50537871	50538031	281	169	0.60142
22	20049018	20049229	70	28	0.40000
22	45826779	45826946	44	30	0.68182
22	26877687	26878206	584	253	0.43322
22	29745206	29745372	673	273	0.40565
22	21311379	21311774	66	30	0.45455
22	22058127	22058414	905	498	0.55028
22	46792501	46792643	113	72	0.63717
22	50617362	50617564	191	103	0.53927
22	32793927	32794087	805	512	0.63602
22	24720187	24720395	1064	590	0.55451
22	30972611	30973116	385	205	0.53247
22	37535156	37535262	182	88	0.48352
22	50942768	50942880	73	43	0.58904
22	50726365	50726466	35	20	0.57143
22	29517344	29517469	636	402	0.63208
22	47103739	47103885	683	374	0.54758
22	41537051	41537226	602	413	0.68605
22	24439365	24439546	705	281	0.39858
22	38530994	38531091	124	50	0.40323
22	16282477	16282592	6218	3114	0.50080
22	28501266	28501790	1927	986	0.51168
22	39812795	39812882	365	168	0.46027
22	50857774	50857891	670	267	0.39851
X	69263775	69263846	65	17	0.26154
X	47001614	47001839	178	113	0.63483
X	14929358	14929535	944	495	0.52436
X	84322132	84322224	70	101	1.44286
X	24545690	24545792	53	38	0.71698
X	48754041	48754141	245	85	0.34694
X	30861082	30861166	48	52	1.08333
X	154057809	154057939	393	153	0.38931
X	41069761	41069935	505	305	0.60396
X	23352984	23353343	196	154	0.78571
X	106031147	106031230	111	80	0.72072
X	23929873	23929973	421	360	0.85511
X	79978060	79978286	675	261	0.38667
X	99921750	99921930	218	112	0.51376
X	149938776	149938842	111	68	0.61261
X	51644648	51645034	318	158	0.49686
X	54954099	54954214	575	217	0.37739
X	53591534	53591683	337	178	0.52819
X	123554160	123554671	1214	645	0.53130
X	130220532	130220639	290	153	0.52759
X	151923678	151923738	210	109	0.51905
X	128890459	128890531	157	76	0.48408
X	119292920	119293332	724	382	0.52762
X	138667224	138667337	501	325	0.64870
X	1522031	1522478	612	291	0.47549
X	70983139	70984497	733	356	0.48568
X	153357641	153357765	142	105	0.73944
X	119048661	119048841	819	377	0.46032
X	47970643	47970739	301	129	0.42857
X	118967988	118968990	719	379	0.52712
X	18283704	18283922	565	403	0.71327
X	53615341	53615494	143	62	0.43357
X	110494144	110494331	2111	1114	0.52771
X	54476703	54476734	164	75	0.45732
X	67431949	67432054	64	38	0.59375
X	2530190	2530259	90	38	0.42222
X	131157244	131157435	36	20	0.55556
X	100656619	100656797	829	361	0.43546
X	128691837	128691927	820	329	0.40122
X	107811858	107811903	152	114	0.75000
X	50121096	50121230	628	304	0.48408
X	96136577	96136717	252	125	0.49603
X	54584868	54585088	321	148	0.46106
X	54159124	54159296	232	88	0.37931
X	35993263	35993480	566	348	0.61484
X	128889269	128889347	263	158	0.60076
X	47099985	47100047	171	83	0.48538
X	69646986	69647069	289	124	0.42907
X	107435702	107435810	51	24	0.47059
X	54780083	54780197	175	91	0.52000
X	138713553	138713670	656	421	0.64177
X	48823350	48823513	252	113	0.44841
X	16707572	16707724	473	336	0.71036
X	24745898	24746053	289	155	0.53633
X	49641326	49643350	36	4	0.11111
X	2761038	2761131	52	19	0.36538
X	49074356	49074464	229	98	0.42795
X	69366482	69366678	459	194	0.42266
X	70756027	70756208	273	105	0.38462
X	117796648	117796755	173	122	0.70520
X	55782273	55782365	170	93	0.54706
X	35969247	35969476	345	214	0.62029
X	47082950	47083158	160	76	0.47500
X	70099837	70099959	238	140	0.58824
X	153594929	153595007	161	90	0.55901
X	46387769	46387880	572	281	0.49126
X	67885340	67885374	112	49	0.43750
X	129370187	129370294	211	188	0.89100
X	53423146	53423300	469	194	0.41365
X	41196660	41196718	317	166	0.52366
X	46893022	46893190	75	41	0.54667
X	38031133	38031310	465	188	0.40430
X	67331695	67331801	234	99	0.42308
X	147027053	147027136	248	143	0.57661
X	100614280	100614335	454	195	0.42952
X	150769998	150770053	278	130	0.46763
X	100333835	100334111	300	115	0.38333
X	38240594	38240682	65	69	1.06154
X	101618900	101618973	575	304	0.52870
X	131573462	131573600	1254	650	0.51834
X	134994479	134994573	347	187	0.53890
X	100530987	100531100	256	153	0.59766
X	151358201	151358413	504	217	0.43056
X	8433345	8433593	547	308	0.56307
X	117742193	117742319	718	356	0.49582
X	47084016	47084142	531	280	0.52731
X	44921891	44921993	145	90	0.62069
X	43640694	43640791	185	84	0.45405
X	48928812	48929667	116	70	0.60345
X	52654027	52654116	567	286	0.50441
X	36254050	36254194	204	144	0.70588
X	69748789	69749037	674	424	0.62908
X	23748932	23749103	427	211	0.49415
X	17767519	17767624	143	97	0.67832
X	153197768	153197884	204	105	0.51471
X	18924853	18924932	372	180	0.48387
X	15590323	15590446	746	331	0.44370
X	31224698	31224784	94	70	0.74468
X	137790979	137791090	564	263	0.46631
X	110390964	110391118	598	316	0.52843
Y	25411853	25411925	1157	915	0.79084
Y	24610925	24611279	35	28	0.80000
Y	24555298	24555476	1140	716	0.62807
Y	26998146	26998238	714	388	0.54342
Y	15470967	15471102	81	53	0.65432
Y	25380578	25380650	360	261	0.72500
Y	9326692	9326785	1996	1006	0.50401
Y	20931418	20931505	309	166	0.53722
Y	27017745	27017817	392	246	0.62755
Y	24056247	24056400	1892	1203	0.63584
Y	24462824	24462894	192	109	0.56771
Y	9236029	9236561	2401	1434	0.59725
Y	20893325	20893753	334	177	0.52994
Y	27603532	27603590	372	207	0.55645
Y	26358845	26358903	291	199	0.68385
Y	27768263	27770181	8915	5923	0.66439
Y	23545317	23545682	228	149	0.65351
Y	22737596	22737773	29	27	0.93103
Y	9237587	9237733	3322	1719	0.51746
Y	24029515	24029626	2192	1200	0.54745
Y	9301620	9301766	61	21	0.34426
Y	21897237	21897383	285	156	0.54737
Y	2821949	2822038	248	199	0.80242
Y	25375744	25375816	443	247	0.55756
Y	21893657	21893816	557	300	0.53860
Y	27008208	27008281	404	245	0.60644
Y	21755284	21755479	55	29	0.52727
Y	14898454	14898733	476	298	0.62605
Y	9549349	9549424	199	104	0.52261
Y	25144396	25144521	763	433	0.56750
Y	25326372	25326424	345	256	0.74203
Y	22749909	22749991	108	67	0.62037
Y	26777340	26777446	921	479	0.52009
Y	22741493	22741577	38	30	0.78947
Y	21870129	21870309	116	55	0.47414
Y	25143598	25143704	997	469	0.47041
Y	6115602	6115714	3751	1976	0.52679
Y	21878481	21878601	306	138	0.45098
Y	15016696	15016892	254	119	0.46850
Y	24034774	24034952	1042	703	0.67466
Y	25423774	25423846	1117	819	0.73321
Y	9176648	9176794	4703	2494	0.53030
Y	23707809	23707920	2289	1311	0.57274
Y	15362881	15363067	261	201	0.77011
Y	9551731	9551893	572	325	0.56818
Y	14949836	14949978	59	78	1.32203
Y	24464929	24465044	142	118	0.83099
Y	26915045	26915144	838	478	0.57041
Y	6955307	6955473	254	174	0.68504
Y	15526614	15526673	21	31	1.47619
Y	26997725	26997872	1438	947	0.65855
Y	21903620	21903743	154	80	0.51948
Y	27602884	27603236	775	539	0.69548
Y	14889952	14890193	210	139	0.66190
Y	25313331	25313403	421	300	0.71259
Y	23545798	23545855	53	36	0.67925
Y	14952935	14953059	114	132	1.15789
Y	23675232	23675345	391	315	0.80563
Y	9215730	9216215	1273	786	0.61744
Y	24053056	24053167	2276	1214	0.53339
Y	15582000	15582109	73	88	1.20548
Y	24291444	24291582	819	478	0.58364
Y	15471646	15471866	229	145	0.63319
Y	6258441	6258716	380	228	0.60000
Y	15023750	15023880	290	260	0.89655
Y	9195451	9195937	2366	1319	0.55748
Y	27184955	27185061	912	486	0.53289
Y	26944569	26944641	373	259	0.69437
Y	6942600	6942661	267	173	0.64794
Y	6736077	6736503	574	283	0.49303
Y	24457006	24457119	388	281	0.72423
Y	21906270	21906439	83	68	0.81928
Y	6911020	6911166	241	184	0.76349
Y	25308495	25308567	365	294	0.80548
Y	26987950	26988002	254	241	0.94882
Y	27605785	27605974	275	193	0.70182
Y	25298943	25299015	343	229	0.66764
Y	27037064	27037136	1216	972	0.79934
Y	4924130	4925500	1875	1127	0.60107
Y	22941394	22941552	494	289	0.58502
Y	26356461	26356650	315	194	0.61587
Y	24315676	24315765	295	353	1.19661
Y	26191376	26191823	110	75	0.68182
Y	9748576	9748722	31	6	0.19355
Y	9156600	9156778	1089	627	0.57576
Y	21901413	21901548	90	86	0.95556
Y	23708906	23709017	1757	1007	0.57314
Y	24052504	24052615	1128	655	0.58067
Y	24314688	24315265	3552	2086	0.58727
Y	15028818	15028972	146	122	0.83562
Y	24058315	24058493	1079	595	0.55144
Y	14847931	14848183	317	240	0.75710
Y	27629054	27629777	625	376	0.60160
Y	6738046	6738094	251	175	0.69721
Y	2710205	2710283	229	154	0.67249
Y	22930690	22930862	666	395	0.59309
Y	6733958	6734119	72	69	0.95833
Y	9233083	9233229	47	30	0.63830
Y	9159793	9159897	269	303	1.12639
Y	7224175	7224271	185	113	0.61081
